# Debye phonon DOS g(E)=3E^2/E_D^3, E_D = 40 meV (test data for MCViNE_Phonon_* components)
# E [meV]   g [1/meV]
0 0
0.04 7.5e-08
0.08 3e-07
0.12 6.75e-07
0.16 1.2e-06
0.2 1.875e-06
0.24 2.7e-06
0.28 3.675e-06
0.32 4.8e-06
0.36 6.075e-06
0.4 7.5e-06
0.44 9.075e-06
0.48 1.08e-05
0.52 1.2675e-05
0.56 1.47e-05
0.6 1.6875e-05
0.64 1.92e-05
0.68 2.1675e-05
0.72 2.43e-05
0.76 2.7075e-05
0.8 3e-05
0.84 3.3075e-05
0.88 3.63e-05
0.92 3.9675e-05
0.96 4.32e-05
1 4.6875e-05
1.04 5.07e-05
1.08 5.4675e-05
1.12 5.88e-05
1.16 6.3075e-05
1.2 6.75e-05
1.24 7.2075e-05
1.28 7.68e-05
1.32 8.1675e-05
1.36 8.67e-05
1.4 9.1875e-05
1.44 9.72e-05
1.48 0.000102675
1.52 0.0001083
1.56 0.000114075
1.6 0.00012
1.64 0.000126075
1.68 0.0001323
1.72 0.000138675
1.76 0.0001452
1.8 0.000151875
1.84 0.0001587
1.88 0.000165675
1.92 0.0001728
1.96 0.000180075
2 0.0001875
2.04 0.000195075
2.08 0.0002028
2.12 0.000210675
2.16 0.0002187
2.2 0.000226875
2.24 0.0002352
2.28 0.000243675
2.32 0.0002523
2.36 0.000261075
2.4 0.00027
2.44 0.000279075
2.48 0.0002883
2.52 0.000297675
2.56 0.0003072
2.6 0.000316875
2.64 0.0003267
2.68 0.000336675
2.72 0.0003468
2.76 0.000357075
2.8 0.0003675
2.84 0.000378075
2.88 0.0003888
2.92 0.000399675
2.96 0.0004107
3 0.000421875
3.04 0.0004332
3.08 0.000444675
3.12 0.0004563
3.16 0.000468075
3.2 0.00048
3.24 0.000492075
3.28 0.0005043
3.32 0.000516675
3.36 0.0005292
3.4 0.000541875
3.44 0.0005547
3.48 0.000567675
3.52 0.0005808
3.56 0.000594075
3.6 0.0006075
3.64 0.000621075
3.68 0.0006348
3.72 0.000648675
3.76 0.0006627
3.8 0.000676875
3.84 0.0006912
3.88 0.000705675
3.92 0.0007203
3.96 0.000735075
4 0.00075
4.04 0.000765075
4.08 0.0007803
4.12 0.000795675
4.16 0.0008112
4.2 0.000826875
4.24 0.0008427
4.28 0.000858675
4.32 0.0008748
4.36 0.000891075
4.4 0.0009075
4.44 0.000924075
4.48 0.0009408
4.52 0.000957675
4.56 0.0009747
4.6 0.000991875
4.64 0.0010092
4.68 0.00102667
4.72 0.0010443
4.76 0.00106207
4.8 0.00108
4.84 0.00109808
4.88 0.0011163
4.92 0.00113467
4.96 0.0011532
5 0.00117187
5.04 0.0011907
5.08 0.00120968
5.12 0.0012288
5.16 0.00124807
5.2 0.0012675
5.24 0.00128708
5.28 0.0013068
5.32 0.00132668
5.36 0.0013467
5.4 0.00136688
5.44 0.0013872
5.48 0.00140768
5.52 0.0014283
5.56 0.00144908
5.6 0.00147
5.64 0.00149107
5.68 0.0015123
5.72 0.00153367
5.76 0.0015552
5.8 0.00157687
5.84 0.0015987
5.88 0.00162067
5.92 0.0016428
5.96 0.00166507
6 0.0016875
6.04 0.00171007
6.08 0.0017328
6.12 0.00175568
6.16 0.0017787
6.2 0.00180188
6.24 0.0018252
6.28 0.00184868
6.32 0.0018723
6.36 0.00189608
6.4 0.00192
6.44 0.00194408
6.48 0.0019683
6.52 0.00199268
6.56 0.0020172
6.6 0.00204188
6.64 0.0020667
6.68 0.00209167
6.72 0.0021168
6.76 0.00214207
6.8 0.0021675
6.84 0.00219308
6.88 0.0022188
6.92 0.00224467
6.96 0.0022707
7 0.00229687
7.04 0.0023232
7.08 0.00234968
7.12 0.0023763
7.16 0.00240307
7.2 0.00243
7.24 0.00245707
7.28 0.0024843
7.32 0.00251168
7.36 0.0025392
7.4 0.00256688
7.44 0.0025947
7.48 0.00262268
7.52 0.0026508
7.56 0.00267907
7.6 0.0027075
7.64 0.00273608
7.68 0.0027648
7.72 0.00279367
7.76 0.0028227
7.8 0.00285187
7.84 0.0028812
7.88 0.00291067
7.92 0.0029403
7.96 0.00297007
8 0.003
8.04 0.00303008
8.08 0.0030603
8.12 0.00309068
8.16 0.0031212
8.2 0.00315187
8.24 0.0031827
8.28 0.00321367
8.32 0.0032448
8.36 0.00327607
8.4 0.0033075
8.44 0.00333907
8.48 0.0033708
8.52 0.00340267
8.56 0.0034347
8.6 0.00346687
8.64 0.0034992
8.68 0.00353167
8.72 0.0035643
8.76 0.00359708
8.8 0.00363
8.84 0.00366308
8.88 0.0036963
8.92 0.00372968
8.96 0.0037632
9 0.00379687
9.04 0.0038307
9.08 0.00386468
9.12 0.0038988
9.16 0.00393308
9.2 0.0039675
9.24 0.00400207
9.28 0.0040368
9.32 0.00407168
9.36 0.0041067
9.4 0.00414188
9.44 0.0041772
9.48 0.00421267
9.52 0.0042483
9.56 0.00428408
9.6 0.00432
9.64 0.00435608
9.68 0.0043923
9.72 0.00442867
9.76 0.0044652
9.8 0.00450188
9.84 0.0045387
9.88 0.00457568
9.92 0.0046128
9.96 0.00465008
10 0.0046875
10.04 0.00472508
10.08 0.0047628
10.12 0.00480068
10.16 0.0048387
10.2 0.00487688
10.24 0.0049152
10.28 0.00495367
10.32 0.0049923
10.36 0.00503107
10.4 0.00507
10.44 0.00510907
10.48 0.0051483
10.52 0.00518767
10.56 0.0052272
10.6 0.00526687
10.64 0.0053067
10.68 0.00534667
10.72 0.0053868
10.76 0.00542707
10.8 0.0054675
10.84 0.00550807
10.88 0.0055488
10.92 0.00558967
10.96 0.0056307
11 0.00567187
11.04 0.0057132
11.08 0.00575468
11.12 0.0057963
11.16 0.00583807
11.2 0.00588
11.24 0.00592208
11.28 0.0059643
11.32 0.00600668
11.36 0.0060492
11.4 0.00609188
11.44 0.0061347
11.48 0.00617768
11.52 0.0062208
11.56 0.00626408
11.6 0.0063075
11.64 0.00635108
11.68 0.0063948
11.72 0.00643868
11.76 0.0064827
11.8 0.00652688
11.84 0.0065712
11.88 0.00661568
11.92 0.0066603
11.96 0.00670508
12 0.00675
12.04 0.00679508
12.08 0.0068403
12.12 0.00688568
12.16 0.0069312
12.2 0.00697688
12.24 0.0070227
12.28 0.00706868
12.32 0.0071148
12.36 0.00716108
12.4 0.0072075
12.44 0.00725407
12.48 0.0073008
12.52 0.00734767
12.56 0.0073947
12.6 0.00744187
12.64 0.0074892
12.68 0.00753667
12.72 0.0075843
12.76 0.00763208
12.8 0.00768
12.84 0.00772808
12.88 0.0077763
12.92 0.00782467
12.96 0.0078732
13 0.00792188
13.04 0.0079707
13.08 0.00801967
13.12 0.0080688
13.16 0.00811807
13.2 0.0081675
13.24 0.00821708
13.28 0.0082668
13.32 0.00831668
13.36 0.0083667
13.4 0.00841688
13.44 0.0084672
13.48 0.00851768
13.52 0.0085683
13.56 0.00861908
13.6 0.00867
13.64 0.00872108
13.68 0.0087723
13.72 0.00882368
13.76 0.0088752
13.8 0.00892688
13.84 0.0089787
13.88 0.00903068
13.92 0.0090828
13.96 0.00913508
14 0.0091875
14.04 0.00924008
14.08 0.0092928
14.12 0.00934568
14.16 0.0093987
14.2 0.00945188
14.24 0.0095052
14.28 0.00955868
14.32 0.0096123
14.36 0.00966607
14.4 0.00972
14.44 0.00977408
14.48 0.0098283
14.52 0.00988267
14.56 0.0099372
14.6 0.00999188
14.64 0.0100467
14.68 0.0101017
14.72 0.0101568
14.76 0.0102121
14.8 0.0102675
14.84 0.0103231
14.88 0.0103788
14.92 0.0104347
14.96 0.0104907
15 0.0105469
15.04 0.0106032
15.08 0.0106597
15.12 0.0107163
15.16 0.0107731
15.2 0.01083
15.24 0.0108871
15.28 0.0109443
15.32 0.0110017
15.36 0.0110592
15.4 0.0111169
15.44 0.0111747
15.48 0.0112327
15.52 0.0112908
15.56 0.0113491
15.6 0.0114075
15.64 0.0114661
15.68 0.0115248
15.72 0.0115837
15.76 0.0116427
15.8 0.0117019
15.84 0.0117612
15.88 0.0118207
15.92 0.0118803
15.96 0.0119401
16 0.012
16.04 0.0120601
16.08 0.0121203
16.12 0.0121807
16.16 0.0122412
16.2 0.0123019
16.24 0.0123627
16.28 0.0124237
16.32 0.0124848
16.36 0.0125461
16.4 0.0126075
16.44 0.0126691
16.48 0.0127308
16.52 0.0127927
16.56 0.0128547
16.6 0.0129169
16.64 0.0129792
16.68 0.0130417
16.72 0.0131043
16.76 0.0131671
16.8 0.01323
16.84 0.0132931
16.88 0.0133563
16.92 0.0134197
16.96 0.0134832
17 0.0135469
17.04 0.0136107
17.08 0.0136747
17.12 0.0137388
17.16 0.0138031
17.2 0.0138675
17.24 0.0139321
17.28 0.0139968
17.32 0.0140617
17.36 0.0141267
17.4 0.0141919
17.44 0.0142572
17.48 0.0143227
17.52 0.0143883
17.56 0.0144541
17.6 0.01452
17.64 0.0145861
17.68 0.0146523
17.72 0.0147187
17.76 0.0147852
17.8 0.0148519
17.84 0.0149187
17.88 0.0149857
17.92 0.0150528
17.96 0.0151201
18 0.0151875
18.04 0.0152551
18.08 0.0153228
18.12 0.0153907
18.16 0.0154587
18.2 0.0155269
18.24 0.0155952
18.28 0.0156637
18.32 0.0157323
18.36 0.0158011
18.4 0.01587
18.44 0.0159391
18.48 0.0160083
18.52 0.0160777
18.56 0.0161472
18.6 0.0162169
18.64 0.0162867
18.68 0.0163567
18.72 0.0164268
18.76 0.0164971
18.8 0.0165675
18.84 0.0166381
18.88 0.0167088
18.92 0.0167797
18.96 0.0168507
19 0.0169219
19.04 0.0169932
19.08 0.0170647
19.12 0.0171363
19.16 0.0172081
19.2 0.01728
19.24 0.0173521
19.28 0.0174243
19.32 0.0174967
19.36 0.0175692
19.4 0.0176419
19.44 0.0177147
19.48 0.0177877
19.52 0.0178608
19.56 0.0179341
19.6 0.0180075
19.64 0.0180811
19.68 0.0181548
19.72 0.0182287
19.76 0.0183027
19.8 0.0183769
19.84 0.0184512
19.88 0.0185257
19.92 0.0186003
19.96 0.0186751
20 0.01875
20.04 0.0188251
20.08 0.0189003
20.12 0.0189757
20.16 0.0190512
20.2 0.0191269
20.24 0.0192027
20.28 0.0192787
20.32 0.0193548
20.36 0.0194311
20.4 0.0195075
20.44 0.0195841
20.48 0.0196608
20.52 0.0197377
20.56 0.0198147
20.6 0.0198919
20.64 0.0199692
20.68 0.0200467
20.72 0.0201243
20.76 0.0202021
20.8 0.02028
20.84 0.0203581
20.88 0.0204363
20.92 0.0205147
20.96 0.0205932
21 0.0206719
21.04 0.0207507
21.08 0.0208297
21.12 0.0209088
21.16 0.0209881
21.2 0.0210675
21.24 0.0211471
21.28 0.0212268
21.32 0.0213067
21.36 0.0213867
21.4 0.0214669
21.44 0.0215472
21.48 0.0216277
21.52 0.0217083
21.56 0.0217891
21.6 0.02187
21.64 0.0219511
21.68 0.0220323
21.72 0.0221137
21.76 0.0221952
21.8 0.0222769
21.84 0.0223587
21.88 0.0224407
21.92 0.0225228
21.96 0.0226051
22 0.0226875
22.04 0.0227701
22.08 0.0228528
22.12 0.0229357
22.16 0.0230187
22.2 0.0231019
22.24 0.0231852
22.28 0.0232687
22.32 0.0233523
22.36 0.0234361
22.4 0.02352
22.44 0.0236041
22.48 0.0236883
22.52 0.0237727
22.56 0.0238572
22.6 0.0239419
22.64 0.0240267
22.68 0.0241117
22.72 0.0241968
22.76 0.0242821
22.8 0.0243675
22.84 0.0244531
22.88 0.0245388
22.92 0.0246247
22.96 0.0247107
23 0.0247969
23.04 0.0248832
23.08 0.0249697
23.12 0.0250563
23.16 0.0251431
23.2 0.02523
23.24 0.0253171
23.28 0.0254043
23.32 0.0254917
23.36 0.0255792
23.4 0.0256669
23.44 0.0257547
23.48 0.0258427
23.52 0.0259308
23.56 0.0260191
23.6 0.0261075
23.64 0.0261961
23.68 0.0262848
23.72 0.0263737
23.76 0.0264627
23.8 0.0265519
23.84 0.0266412
23.88 0.0267307
23.92 0.0268203
23.96 0.0269101
24 0.027
24.04 0.0270901
24.08 0.0271803
24.12 0.0272707
24.16 0.0273612
24.2 0.0274519
24.24 0.0275427
24.28 0.0276337
24.32 0.0277248
24.36 0.0278161
24.4 0.0279075
24.44 0.0279991
24.48 0.0280908
24.52 0.0281827
24.56 0.0282747
24.6 0.0283669
24.64 0.0284592
24.68 0.0285517
24.72 0.0286443
24.76 0.0287371
24.8 0.02883
24.84 0.0289231
24.88 0.0290163
24.92 0.0291097
24.96 0.0292032
25 0.0292969
25.04 0.0293907
25.08 0.0294847
25.12 0.0295788
25.16 0.0296731
25.2 0.0297675
25.24 0.0298621
25.28 0.0299568
25.32 0.0300517
25.36 0.0301467
25.4 0.0302419
25.44 0.0303372
25.48 0.0304327
25.52 0.0305283
25.56 0.0306241
25.6 0.03072
25.64 0.0308161
25.68 0.0309123
25.72 0.0310087
25.76 0.0311052
25.8 0.0312019
25.84 0.0312987
25.88 0.0313957
25.92 0.0314928
25.96 0.0315901
26 0.0316875
26.04 0.0317851
26.08 0.0318828
26.12 0.0319807
26.16 0.0320787
26.2 0.0321769
26.24 0.0322752
26.28 0.0323737
26.32 0.0324723
26.36 0.0325711
26.4 0.03267
26.44 0.0327691
26.48 0.0328683
26.52 0.0329677
26.56 0.0330672
26.6 0.0331669
26.64 0.0332667
26.68 0.0333667
26.72 0.0334668
26.76 0.0335671
26.8 0.0336675
26.84 0.0337681
26.88 0.0338688
26.92 0.0339697
26.96 0.0340707
27 0.0341719
27.04 0.0342732
27.08 0.0343747
27.12 0.0344763
27.16 0.0345781
27.2 0.03468
27.24 0.0347821
27.28 0.0348843
27.32 0.0349867
27.36 0.0350892
27.4 0.0351919
27.44 0.0352947
27.48 0.0353977
27.52 0.0355008
27.56 0.0356041
27.6 0.0357075
27.64 0.0358111
27.68 0.0359148
27.72 0.0360187
27.76 0.0361227
27.8 0.0362269
27.84 0.0363312
27.88 0.0364357
27.92 0.0365403
27.96 0.0366451
28 0.03675
28.04 0.0368551
28.08 0.0369603
28.12 0.0370657
28.16 0.0371712
28.2 0.0372769
28.24 0.0373827
28.28 0.0374887
28.32 0.0375948
28.36 0.0377011
28.4 0.0378075
28.44 0.0379141
28.48 0.0380208
28.52 0.0381277
28.56 0.0382347
28.6 0.0383419
28.64 0.0384492
28.68 0.0385567
28.72 0.0386643
28.76 0.0387721
28.8 0.03888
28.84 0.0389881
28.88 0.0390963
28.92 0.0392047
28.96 0.0393132
29 0.0394219
29.04 0.0395307
29.08 0.0396397
29.12 0.0397488
29.16 0.0398581
29.2 0.0399675
29.24 0.0400771
29.28 0.0401868
29.32 0.0402967
29.36 0.0404067
29.4 0.0405169
29.44 0.0406272
29.48 0.0407377
29.52 0.0408483
29.56 0.0409591
29.6 0.04107
29.64 0.0411811
29.68 0.0412923
29.72 0.0414037
29.76 0.0415152
29.8 0.0416269
29.84 0.0417387
29.88 0.0418507
29.92 0.0419628
29.96 0.0420751
30 0.0421875
30.04 0.0423001
30.08 0.0424128
30.12 0.0425257
30.16 0.0426387
30.2 0.0427519
30.24 0.0428652
30.28 0.0429787
30.32 0.0430923
30.36 0.0432061
30.4 0.04332
30.44 0.0434341
30.48 0.0435483
30.52 0.0436627
30.56 0.0437772
30.6 0.0438919
30.64 0.0440067
30.68 0.0441217
30.72 0.0442368
30.76 0.0443521
30.8 0.0444675
30.84 0.0445831
30.88 0.0446988
30.92 0.0448147
30.96 0.0449307
31 0.0450469
31.04 0.0451632
31.08 0.0452797
31.12 0.0453963
31.16 0.0455131
31.2 0.04563
31.24 0.0457471
31.28 0.0458643
31.32 0.0459817
31.36 0.0460992
31.4 0.0462169
31.44 0.0463347
31.48 0.0464527
31.52 0.0465708
31.56 0.0466891
31.6 0.0468075
31.64 0.0469261
31.68 0.0470448
31.72 0.0471637
31.76 0.0472827
31.8 0.0474019
31.84 0.0475212
31.88 0.0476407
31.92 0.0477603
31.96 0.0478801
32 0.048
32.04 0.0481201
32.08 0.0482403
32.12 0.0483607
32.16 0.0484812
32.2 0.0486019
32.24 0.0487227
32.28 0.0488437
32.32 0.0489648
32.36 0.0490861
32.4 0.0492075
32.44 0.0493291
32.48 0.0494508
32.52 0.0495727
32.56 0.0496947
32.6 0.0498169
32.64 0.0499392
32.68 0.0500617
32.72 0.0501843
32.76 0.0503071
32.8 0.05043
32.84 0.0505531
32.88 0.0506763
32.92 0.0507997
32.96 0.0509232
33 0.0510469
33.04 0.0511707
33.08 0.0512947
33.12 0.0514188
33.16 0.0515431
33.2 0.0516675
33.24 0.0517921
33.28 0.0519168
33.32 0.0520417
33.36 0.0521667
33.4 0.0522919
33.44 0.0524172
33.48 0.0525427
33.52 0.0526683
33.56 0.0527941
33.6 0.05292
33.64 0.0530461
33.68 0.0531723
33.72 0.0532987
33.76 0.0534252
33.8 0.0535519
33.84 0.0536787
33.88 0.0538057
33.92 0.0539328
33.96 0.0540601
34 0.0541875
34.04 0.0543151
34.08 0.0544428
34.12 0.0545707
34.16 0.0546987
34.2 0.0548269
34.24 0.0549552
34.28 0.0550837
34.32 0.0552123
34.36 0.0553411
34.4 0.05547
34.44 0.0555991
34.48 0.0557283
34.52 0.0558577
34.56 0.0559872
34.6 0.0561169
34.64 0.0562467
34.68 0.0563767
34.72 0.0565068
34.76 0.0566371
34.8 0.0567675
34.84 0.0568981
34.88 0.0570288
34.92 0.0571597
34.96 0.0572907
35 0.0574219
35.04 0.0575532
35.08 0.0576847
35.12 0.0578163
35.16 0.0579481
35.2 0.05808
35.24 0.0582121
35.28 0.0583443
35.32 0.0584767
35.36 0.0586092
35.4 0.0587419
35.44 0.0588747
35.48 0.0590077
35.52 0.0591408
35.56 0.0592741
35.6 0.0594075
35.64 0.0595411
35.68 0.0596748
35.72 0.0598087
35.76 0.0599427
35.8 0.0600769
35.84 0.0602112
35.88 0.0603457
35.92 0.0604803
35.96 0.0606151
36 0.06075
36.04 0.0608851
36.08 0.0610203
36.12 0.0611557
36.16 0.0612912
36.2 0.0614269
36.24 0.0615627
36.28 0.0616987
36.32 0.0618348
36.36 0.0619711
36.4 0.0621075
36.44 0.0622441
36.48 0.0623808
36.52 0.0625177
36.56 0.0626547
36.6 0.0627919
36.64 0.0629292
36.68 0.0630667
36.72 0.0632043
36.76 0.0633421
36.8 0.06348
36.84 0.0636181
36.88 0.0637563
36.92 0.0638947
36.96 0.0640332
37 0.0641719
37.04 0.0643107
37.08 0.0644497
37.12 0.0645888
37.16 0.0647281
37.2 0.0648675
37.24 0.0650071
37.28 0.0651468
37.32 0.0652867
37.36 0.0654267
37.4 0.0655669
37.44 0.0657072
37.48 0.0658477
37.52 0.0659883
37.56 0.0661291
37.6 0.06627
37.64 0.0664111
37.68 0.0665523
37.72 0.0666937
37.76 0.0668352
37.8 0.0669769
37.84 0.0671187
37.88 0.0672607
37.92 0.0674028
37.96 0.0675451
38 0.0676875
38.04 0.0678301
38.08 0.0679728
38.12 0.0681157
38.16 0.0682587
38.2 0.0684019
38.24 0.0685452
38.28 0.0686887
38.32 0.0688323
38.36 0.0689761
38.4 0.06912
38.44 0.0692641
38.48 0.0694083
38.52 0.0695527
38.56 0.0696972
38.6 0.0698419
38.64 0.0699867
38.68 0.0701317
38.72 0.0702768
38.76 0.0704221
38.8 0.0705675
38.84 0.0707131
38.88 0.0708588
38.92 0.0710047
38.96 0.0711507
39 0.0712969
39.04 0.0714432
39.08 0.0715897
39.12 0.0717363
39.16 0.0718831
39.2 0.07203
39.24 0.0721771
39.28 0.0723243
39.32 0.0724717
39.36 0.0726192
39.4 0.0727669
39.44 0.0729147
39.48 0.0730627
39.52 0.0732108
39.56 0.0733591
39.6 0.0735075
39.64 0.0736561
39.68 0.0738048
39.72 0.0739537
39.76 0.0741027
39.8 0.0742519
39.84 0.0744012
39.88 0.0745507
39.92 0.0747003
39.96 0.0748501
40 0.075
