# SANS2D_ongrid example: row1 Qx [1/AA], row2 Qy [1/AA], then S rows (row index = Qy)
-0.2 -0.195 -0.19 -0.185 -0.18 -0.175 -0.17 -0.165 -0.16 -0.155 -0.15 -0.145 -0.14 -0.135 -0.13 -0.125 -0.12 -0.115 -0.11 -0.105 -0.1 -0.095 -0.09 -0.085 -0.08 -0.075 -0.07 -0.065 -0.06 -0.055 -0.05 -0.045 -0.04 -0.035 -0.03 -0.025 -0.02 -0.015 -0.01 -0.005 0 0.005 0.01 0.015 0.02 0.025 0.03 0.035 0.04 0.045 0.05 0.055 0.06 0.065 0.07 0.075 0.08 0.085 0.09 0.095 0.1 0.105 0.11 0.115 0.12 0.125 0.13 0.135 0.14 0.145 0.15 0.155 0.16 0.165 0.17 0.175 0.18 0.185 0.19 0.195 0.2
-0.2 -0.195 -0.19 -0.185 -0.18 -0.175 -0.17 -0.165 -0.16 -0.155 -0.15 -0.145 -0.14 -0.135 -0.13 -0.125 -0.12 -0.115 -0.11 -0.105 -0.1 -0.095 -0.09 -0.085 -0.08 -0.075 -0.07 -0.065 -0.06 -0.055 -0.05 -0.045 -0.04 -0.035 -0.03 -0.025 -0.02 -0.015 -0.01 -0.005 0 0.005 0.01 0.015 0.02 0.025 0.03 0.035 0.04 0.045 0.05 0.055 0.06 0.065 0.07 0.075 0.08 0.085 0.09 0.095 0.1 0.105 0.11 0.115 0.12 0.125 0.13 0.135 0.14 0.145 0.15 0.155 0.16 0.165 0.17 0.175 0.18 0.185 0.19 0.195 0.2
0.1 0.1 0.1 0.1 0.1 0.1 0.1 0.1 0.1 0.1 0.1 0.1 0.1 0.1 0.1 0.1 0.1 0.1 0.1 0.1 0.1 0.1 0.1 0.1 0.1 0.100001 0.100002 0.100004 0.100008 0.100016 0.100031 0.100054 0.10009 0.100141 0.100209 0.10029 0.10038 0.100469 0.100545 0.100596 0.100614 0.100596 0.100545 0.100469 0.10038 0.10029 0.100209 0.100141 0.10009 0.100054 0.100031 0.100016 0.100008 0.100004 0.100002 0.100001 0.1 0.1 0.1 0.1 0.1 0.1 0.1 0.1 0.1 0.1 0.1 0.1 0.1 0.1 0.1 0.1 0.1 0.1 0.1 0.1 0.1 0.1 0.1 0.1 0.1
0.1 0.1 0.1 0.1 0.1 0.1 0.1 0.1 0.1 0.1 0.1 0.1 0.1 0.1 0.1 0.1 0.1 0.1 0.1 0.1 0.1 0.1 0.1 0.1 0.100001 0.100001 0.100003 0.100007 0.100015 0.100029 0.100055 0.100098 0.100163 0.100255 0.100377 0.100525 0.100688 0.100848 0.100986 0.101078 0.101111 0.101078 0.100986 0.100848 0.100688 0.100525 0.100377 0.100255 0.100163 0.100098 0.100055 0.100029 0.100015 0.100007 0.100003 0.100001 0.100001 0.1 0.1 0.1 0.1 0.1 0.1 0.1 0.1 0.1 0.1 0.1 0.1 0.1 0.1 0.1 0.1 0.1 0.1 0.1 0.1 0.1 0.1 0.1 0.1
0.1 0.1 0.1 0.1 0.1 0.1 0.1 0.1 0.1 0.1 0.1 0.1 0.1 0.1 0.1 0.1 0.1 0.1 0.1 0.1 0.1 0.1 0.1 0.1 0.100001 0.100002 0.100006 0.100012 0.100026 0.100052 0.100099 0.100174 0.10029 0.100455 0.100672 0.100935 0.101225 0.101511 0.101756 0.101921 0.10198 0.101921 0.101756 0.101511 0.101225 0.100935 0.100672 0.100455 0.10029 0.100174 0.100099 0.100052 0.100026 0.100012 0.100006 0.100002 0.100001 0.1 0.1 0.1 0.1 0.1 0.1 0.1 0.1 0.1 0.1 0.1 0.1 0.1 0.1 0.1 0.1 0.1 0.1 0.1 0.1 0.1 0.1 0.1 0.1
0.1 0.1 0.1 0.1 0.1 0.1 0.1 0.1 0.1 0.1 0.1 0.1 0.1 0.1 0.1 0.1 0.1 0.1 0.1 0.1 0.1 0.1 0.1 0.100001 0.100002 0.100004 0.10001 0.100022 0.100046 0.100092 0.100173 0.100306 0.100509 0.100799 0.10118 0.101641 0.10215 0.102652 0.103082 0.103372 0.103474 0.103372 0.103082 0.102652 0.10215 0.101641 0.10118 0.100799 0.100509 0.100306 0.100173 0.100092 0.100046 0.100022 0.10001 0.100004 0.100002 0.100001 0.1 0.1 0.1 0.1 0.1 0.1 0.1 0.1 0.1 0.1 0.1 0.1 0.1 0.1 0.1 0.1 0.1 0.1 0.1 0.1 0.1 0.1 0.1
0.1 0.1 0.1 0.1 0.1 0.1 0.1 0.1 0.1 0.1 0.1 0.1 0.1 0.1 0.1 0.1 0.1 0.1 0.1 0.1 0.1 0.1 0.1 0.100001 0.100003 0.100007 0.100017 0.100038 0.10008 0.100159 0.100299 0.100529 0.100881 0.101381 0.10204 0.102838 0.103717 0.104586 0.105328 0.105829 0.106007 0.105829 0.105328 0.104586 0.103717 0.102838 0.10204 0.101381 0.100881 0.100529 0.100299 0.100159 0.10008 0.100038 0.100017 0.100007 0.100003 0.100001 0.1 0.1 0.1 0.1 0.1 0.1 0.1 0.1 0.1 0.1 0.1 0.1 0.1 0.1 0.1 0.1 0.1 0.1 0.1 0.1 0.1 0.1 0.1
0.1 0.1 0.1 0.1 0.1 0.1 0.1 0.1 0.1 0.1 0.1 0.1 0.1 0.1 0.1 0.1 0.1 0.1 0.1 0.1 0.1 0.1 0.100001 0.100002 0.100005 0.100012 0.100029 0.100064 0.100136 0.100271 0.100509 0.100901 0.1015 0.102352 0.103474 0.104833 0.106331 0.10781 0.109074 0.109929 0.110231 0.109929 0.109074 0.10781 0.106331 0.104833 0.103474 0.102352 0.1015 0.100901 0.100509 0.100271 0.100136 0.100064 0.100029 0.100012 0.100005 0.100002 0.100001 0.1 0.1 0.1 0.1 0.1 0.1 0.1 0.1 0.1 0.1 0.1 0.1 0.1 0.1 0.1 0.1 0.1 0.1 0.1 0.1 0.1 0.1
0.1 0.1 0.1 0.1 0.1 0.1 0.1 0.1 0.1 0.1 0.1 0.1 0.1 0.1 0.1 0.1 0.1 0.1 0.1 0.1 0.1 0.1 0.100001 0.100003 0.100008 0.10002 0.100048 0.100108 0.100228 0.100455 0.100855 0.101511 0.102517 0.103947 0.105829 0.108109 0.110622 0.113104 0.115225 0.116659 0.117166 0.116659 0.115225 0.113104 0.110622 0.108109 0.105829 0.103947 0.102517 0.101511 0.100855 0.100455 0.100228 0.100108 0.100048 0.10002 0.100008 0.100003 0.100001 0.1 0.1 0.1 0.1 0.1 0.1 0.1 0.1 0.1 0.1 0.1 0.1 0.1 0.1 0.1 0.1 0.1 0.1 0.1 0.1 0.1 0.1
0.1 0.1 0.1 0.1 0.1 0.1 0.1 0.1 0.1 0.1 0.1 0.1 0.1 0.1 0.1 0.1 0.1 0.1 0.1 0.1 0.1 0.100001 0.100002 0.100005 0.100013 0.100033 0.100079 0.100178 0.100377 0.100752 0.101413 0.102498 0.10416 0.106524 0.109635 0.113402 0.117557 0.121659 0.125164 0.127534 0.128373 0.127534 0.125164 0.121659 0.117557 0.113402 0.109635 0.106524 0.10416 0.102498 0.101413 0.100752 0.100377 0.100178 0.100079 0.100033 0.100013 0.100005 0.100002 0.100001 0.1 0.1 0.1 0.1 0.1 0.1 0.1 0.1 0.1 0.1 0.1 0.1 0.1 0.1 0.1 0.1 0.1 0.1 0.1 0.1 0.1
0.1 0.1 0.1 0.1 0.1 0.1 0.1 0.1 0.1 0.1 0.1 0.1 0.1 0.1 0.1 0.1 0.1 0.1 0.1 0.1 0.1 0.100001 0.100003 0.100008 0.100021 0.100054 0.100129 0.10029 0.100614 0.101225 0.1023 0.104067 0.106773 0.110622 0.115688 0.121822 0.128586 0.135266 0.140973 0.144832 0.146197 0.144832 0.140973 0.135266 0.128586 0.121822 0.115688 0.110622 0.106773 0.104067 0.1023 0.101225 0.100614 0.10029 0.100129 0.100054 0.100021 0.100008 0.100003 0.100001 0.1 0.1 0.1 0.1 0.1 0.1 0.1 0.1 0.1 0.1 0.1 0.1 0.1 0.1 0.1 0.1 0.1 0.1 0.1 0.1 0.1
0.1 0.1 0.1 0.1 0.1 0.1 0.1 0.1 0.1 0.1 0.1 0.1 0.1 0.1 0.1 0.1 0.1 0.1 0.1 0.1 0.1 0.100001 0.100004 0.100013 0.100034 0.100087 0.100207 0.100466 0.100986 0.101965 0.103689 0.106524 0.110864 0.117038 0.125164 0.135003 0.145852 0.156567 0.165721 0.171911 0.174101 0.171911 0.165721 0.156567 0.145852 0.135003 0.125164 0.117038 0.110864 0.106524 0.103689 0.101965 0.100986 0.100466 0.100207 0.100087 0.100034 0.100013 0.100004 0.100001 0.1 0.1 0.1 0.1 0.1 0.1 0.1 0.1 0.1 0.1 0.1 0.1 0.1 0.1 0.1 0.1 0.1 0.1 0.1 0.1 0.1
0.1 0.1 0.1 0.1 0.1 0.1 0.1 0.1 0.1 0.1 0.1 0.1 0.1 0.1 0.1 0.1 0.1 0.1 0.1 0.1 0.100001 0.100002 0.100007 0.10002 0.100054 0.100137 0.100327 0.100736 0.101557 0.103105 0.105829 0.110308 0.117166 0.126922 0.139763 0.155308 0.172452 0.189383 0.203848 0.213627 0.217088 0.213627 0.203848 0.189383 0.172452 0.155308 0.139763 0.126922 0.117166 0.110308 0.105829 0.103105 0.101557 0.100736 0.100327 0.100137 0.100054 0.10002 0.100007 0.100002 0.100001 0.1 0.1 0.1 0.1 0.1 0.1 0.1 0.1 0.1 0.1 0.1 0.1 0.1 0.1 0.1 0.1 0.1 0.1 0.1 0.1
0.1 0.1 0.1 0.1 0.1 0.1 0.1 0.1 0.1 0.1 0.1 0.1 0.1 0.1 0.1 0.1 0.1 0.1 0.1 0.1 0.100001 0.100004 0.100011 0.100031 0.100084 0.100213 0.100509 0.101145 0.102424 0.104833 0.109074 0.116045 0.12672 0.141906 0.161894 0.186093 0.212778 0.239132 0.261649 0.276872 0.282258 0.276872 0.261649 0.239132 0.212778 0.186093 0.161894 0.141906 0.12672 0.116045 0.109074 0.104833 0.102424 0.101145 0.100509 0.100213 0.100084 0.100031 0.100011 0.100004 0.100001 0.1 0.1 0.1 0.1 0.1 0.1 0.1 0.1 0.1 0.1 0.1 0.1 0.1 0.1 0.1 0.1 0.1 0.1 0.1 0.1
0.1 0.1 0.1 0.1 0.1 0.1 0.1 0.1 0.1 0.1 0.1 0.1 0.1 0.1 0.1 0.1 0.1 0.1 0.1 0.100001 0.100002 0.100006 0.100017 0.100048 0.100129 0.100327 0.100781 0.101756 0.103717 0.107411 0.113914 0.124604 0.140973 0.164259 0.19491 0.232016 0.272937 0.313348 0.347875 0.371219 0.379479 0.371219 0.347875 0.313348 0.272937 0.232016 0.19491 0.164259 0.140973 0.124604 0.113914 0.107411 0.103717 0.101756 0.100781 0.100327 0.100129 0.100048 0.100017 0.100006 0.100002 0.100001 0.1 0.1 0.1 0.1 0.1 0.1 0.1 0.1 0.1 0.1 0.1 0.1 0.1 0.1 0.1 0.1 0.1 0.1 0.1
0.1 0.1 0.1 0.1 0.1 0.1 0.1 0.1 0.1 0.1 0.1 0.1 0.1 0.1 0.1 0.1 0.1 0.1 0.1 0.100001 0.100003 0.100008 0.100025 0.100072 0.100195 0.100494 0.10118 0.102652 0.105615 0.111195 0.121019 0.137167 0.161894 0.197069 0.24337 0.299422 0.361236 0.422282 0.474438 0.5097 0.522177 0.5097 0.474438 0.422282 0.361236 0.299422 0.24337 0.197069 0.161894 0.137167 0.121019 0.111195 0.105615 0.102652 0.10118 0.100494 0.100195 0.100072 0.100025 0.100008 0.100003 0.100001 0.1 0.1 0.1 0.1 0.1 0.1 0.1 0.1 0.1 0.1 0.1 0.1 0.1 0.1 0.1 0.1 0.1 0.1 0.1
0.1 0.1 0.1 0.1 0.1 0.1 0.1 0.1 0.1 0.1 0.1 0.1 0.1 0.1 0.1 0.1 0.1 0.1 0.1 0.100001 0.100004 0.100012 0.100038 0.100108 0.10029 0.100736 0.101756 0.103947 0.108356 0.116659 0.131278 0.155308 0.192105 0.244449 0.313348 0.396761 0.488746 0.579587 0.657201 0.709675 0.728242 0.709675 0.657201 0.579587 0.488746 0.396761 0.313348 0.244449 0.192105 0.155308 0.131278 0.116659 0.108356 0.103947 0.101756 0.100736 0.10029 0.100108 0.100038 0.100012 0.100004 0.100001 0.1 0.1 0.1 0.1 0.1 0.1 0.1 0.1 0.1 0.1 0.1 0.1 0.1 0.1 0.1 0.1 0.1 0.1 0.1
0.1 0.1 0.1 0.1 0.1 0.1 0.1 0.1 0.1 0.1 0.1 0.1 0.1 0.1 0.1 0.1 0.1 0.1 0.1 0.100002 0.100006 0.100018 0.100055 0.100158 0.100425 0.101078 0.102574 0.105786 0.112249 0.124421 0.145852 0.181079 0.23502 0.311754 0.412757 0.535035 0.66988 0.803048 0.916825 0.993749 1.02097 0.993749 0.916825 0.803048 0.66988 0.535035 0.412757 0.311754 0.23502 0.181079 0.145852 0.124421 0.112249 0.105786 0.102574 0.101078 0.100425 0.100158 0.100055 0.100018 0.100006 0.100002 0.1 0.1 0.1 0.1 0.1 0.1 0.1 0.1 0.1 0.1 0.1 0.1 0.1 0.1 0.1 0.1 0.1 0.1 0.1
0.1 0.1 0.1 0.1 0.1 0.1 0.1 0.1 0.1 0.1 0.1 0.1 0.1 0.1 0.1 0.1 0.1 0.1 0.100001 0.100002 0.100008 0.100026 0.10008 0.100228 0.100614 0.101557 0.103717 0.108356 0.117689 0.135266 0.166216 0.217088 0.294986 0.405798 0.551658 0.728242 0.922975 1.11529 1.27959 1.39068 1.42999 1.39068 1.27959 1.11529 0.922975 0.728242 0.551658 0.405798 0.294986 0.217088 0.166216 0.135266 0.117689 0.108356 0.103717 0.101557 0.100614 0.100228 0.10008 0.100026 0.100008 0.100002 0.100001 0.1 0.1 0.1 0.1 0.1 0.1 0.1 0.1 0.1 0.1 0.1 0.1 0.1 0.1 0.1 0.1 0.1 0.1
0.1 0.1 0.1 0.1 0.1 0.1 0.1 0.1 0.1 0.1 0.1 0.1 0.1 0.1 0.1 0.1 0.1 0.1 0.100001 0.100003 0.100012 0.100037 0.100114 0.100325 0.100874 0.102215 0.105288 0.111887 0.125164 0.15017 0.1942 0.266572 0.37739 0.535035 0.742538 0.993749 1.27078 1.54437 1.77811 1.93615 1.99207 1.93615 1.77811 1.54437 1.27078 0.993749 0.742538 0.535035 0.37739 0.266572 0.1942 0.15017 0.125164 0.111887 0.105288 0.102215 0.100874 0.100325 0.100114 0.100037 0.100012 0.100003 0.100001 0.1 0.1 0.1 0.1 0.1 0.1 0.1 0.1 0.1 0.1 0.1 0.1 0.1 0.1 0.1 0.1 0.1 0.1
0.1 0.1 0.1 0.1 0.1 0.1 0.1 0.1 0.1 0.1 0.1 0.1 0.1 0.1 0.1 0.1 0.1 0.1 0.100001 0.100005 0.100016 0.100052 0.100159 0.100455 0.101225 0.103105 0.107411 0.116659 0.135266 0.170311 0.232016 0.33344 0.488746 0.709675 1.00048 1.35254 1.74078 2.12419 2.45177 2.67325 2.75162 2.67325 2.45177 2.12419 1.74078 1.35254 1.00048 0.709675 0.488746 0.33344 0.232016 0.170311 0.135266 0.116659 0.107411 0.103105 0.101225 0.100455 0.100159 0.100052 0.100016 0.100005 0.100001 0.1 0.1 0.1 0.1 0.1 0.1 0.1 0.1 0.1 0.1 0.1 0.1 0.1 0.1 0.1 0.1 0.1 0.1
0.1 0.1 0.1 0.1 0.1 0.1 0.1 0.1 0.1 0.1 0.1 0.1 0.1 0.1 0.1 0.1 0.1 0.1 0.100002 0.100007 0.100022 0.100072 0.10022 0.100628 0.101691 0.104286 0.110231 0.122998 0.148688 0.197069 0.282258 0.422282 0.636693 0.941702 1.34318 1.82922 2.36522 2.89455 3.3468 3.65257 3.76076 3.65257 3.3468 2.89455 2.36522 1.82922 1.34318 0.941702 0.636693 0.422282 0.282258 0.197069 0.148688 0.122998 0.110231 0.104286 0.101691 0.100628 0.10022 0.100072 0.100022 0.100007 0.100002 0.1 0.1 0.1 0.1 0.1 0.1 0.1 0.1 0.1 0.1 0.1 0.1 0.1 0.1 0.1 0.1 0.1 0.1
0.1 0.1 0.1 0.1 0.1 0.1 0.1 0.1 0.1 0.1 0.1 0.1 0.1 0.1 0.1 0.1 0.1 0.100001 0.100002 0.100009 0.100031 0.100099 0.100299 0.100855 0.1023 0.105829 0.113914 0.131278 0.166216 0.232016 0.347875 0.53831 0.829913 1.24473 1.79075 2.45177 3.18074 3.90064 4.51572 4.93156 5.07871 4.93156 4.51572 3.90064 3.18074 2.45177 1.79075 1.24473 0.829913 0.53831 0.347875 0.232016 0.166216 0.131278 0.113914 0.105829 0.1023 0.100855 0.100299 0.100099 0.100031 0.100009 0.100002 0.100001 0.1 0.1 0.1 0.1 0.1 0.1 0.1 0.1 0.1 0.1 0.1 0.1 0.1 0.1 0.1 0.1 0.1
0.1 0.1 0.1 0.1 0.1 0.1 0.1 0.1 0.1 0.1 0.1 0.1 0.1 0.1 0.1 0.1 0.1 0.100001 0.100003 0.100012 0.100041 0.100132 0.100401 0.101145 0.103082 0.10781 0.118642 0.141906 0.188715 0.276872 0.432096 0.687235 1.07792 1.63368 2.36522 3.25084 4.22749 5.192 6.01606 6.5732 6.77034 6.5732 6.01606 5.192 4.22749 3.25084 2.36522 1.63368 1.07792 0.687235 0.432096 0.276872 0.188715 0.141906 0.118642 0.10781 0.103082 0.101145 0.100401 0.100132 0.100041 0.100012 0.100003 0.100001 0.1 0.1 0.1 0.1 0.1 0.1 0.1 0.1 0.1 0.1 0.1 0.1 0.1 0.1 0.1 0.1 0.1
0.1 0.1 0.1 0.1 0.1 0.1 0.1 0.1 0.1 0.1 0.1 0.1 0.1 0.1 0.1 0.1 0.1 0.100001 0.100004 0.100016 0.100054 0.100174 0.100529 0.101511 0.104067 0.110308 0.124604 0.155308 0.217088 0.33344 0.53831 0.875048 1.39068 2.12419 3.08969 4.25857 5.54757 6.82055 7.90817 8.6435 8.90368 8.6435 7.90817 6.82055 5.54757 4.25857 3.08969 2.12419 1.39068 0.875048 0.53831 0.33344 0.217088 0.155308 0.124604 0.110308 0.104067 0.101511 0.100529 0.100174 0.100054 0.100016 0.100004 0.100001 0.1 0.1 0.1 0.1 0.1 0.1 0.1 0.1 0.1 0.1 0.1 0.1 0.1 0.1 0.1 0.1 0.1
0.1 0.1 0.1 0.1 0.1 0.1 0.1 0.1 0.1 0.1 0.1 0.1 0.1 0.1 0.1 0.1 0.1 0.100001 0.100006 0.100021 0.10007 0.100227 0.100688 0.101965 0.105288 0.113402 0.13199 0.171911 0.252235 0.403513 0.66988 1.1077 1.77811 2.73181 3.98713 5.50687 7.18281 8.8379 10.252 11.2081 11.5463 11.2081 10.252 8.8379 7.18281 5.50687 3.98713 2.73181 1.77811 1.1077 0.66988 0.403513 0.252235 0.171911 0.13199 0.113402 0.105288 0.101965 0.100688 0.100227 0.10007 0.100021 0.100006 0.100001 0.1 0.1 0.1 0.1 0.1 0.1 0.1 0.1 0.1 0.1 0.1 0.1 0.1 0.1 0.1 0.1 0.1
0.1 0.1 0.1 0.1 0.1 0.1 0.1 0.1 0.1 0.1 0.1 0.1 0.1 0.1 0.1 0.1 0.1 0.100002 0.100007 0.100026 0.10009 0.10029 0.100881 0.102517 0.106773 0.117166 0.140973 0.192105 0.294986 0.488746 0.829913 1.39068 2.24936 3.47087 5.07871 7.02522 9.1718 11.2917 13.1029 14.3274 14.7607 14.3274 13.1029 11.2917 9.1718 7.02522 5.07871 3.47087 2.24936 1.39068 0.829913 0.488746 0.294986 0.192105 0.140973 0.117166 0.106773 0.102517 0.100881 0.10029 0.10009 0.100026 0.100007 0.100002 0.1 0.1 0.1 0.1 0.1 0.1 0.1 0.1 0.1 0.1 0.1 0.1 0.1 0.1 0.1 0.1 0.1
0.1 0.1 0.1 0.1 0.1 0.1 0.1 0.1 0.1 0.1 0.1 0.1 0.1 0.1 0.1 0.1 0.100001 0.100002 0.100009 0.100033 0.100114 0.100366 0.101111 0.103175 0.108546 0.121659 0.151698 0.216213 0.346023 0.5905 1.02097 1.72852 2.81196 4.35319 6.38189 8.8379 11.5463 14.2211 16.5064 18.0514 18.5981 18.0514 16.5064 14.2211 11.5463 8.8379 6.38189 4.35319 2.81196 1.72852 1.02097 0.5905 0.346023 0.216213 0.151698 0.121659 0.108546 0.103175 0.101111 0.100366 0.100114 0.100033 0.100009 0.100002 0.100001 0.1 0.1 0.1 0.1 0.1 0.1 0.1 0.1 0.1 0.1 0.1 0.1 0.1 0.1 0.1 0.1
0.1 0.1 0.1 0.1 0.1 0.1 0.1 0.1 0.1 0.1 0.1 0.1 0.1 0.1 0.1 0.1 0.100001 0.100003 0.100011 0.100041 0.100141 0.100455 0.101381 0.103947 0.110622 0.126922 0.164259 0.244449 0.405798 0.709675 1.24473 2.12419 3.47087 5.38657 7.90817 10.9609 14.3274 17.652 20.4926 22.413 23.0925 22.413 20.4926 17.652 14.3274 10.9609 7.90817 5.38657 3.47087 2.12419 1.24473 0.709675 0.405798 0.244449 0.164259 0.126922 0.110622 0.103947 0.101381 0.100455 0.100141 0.100041 0.100011 0.100003 0.100001 0.1 0.1 0.1 0.1 0.1 0.1 0.1 0.1 0.1 0.1 0.1 0.1 0.1 0.1 0.1 0.1
0.1 0.1 0.1 0.1 0.1 0.1 0.1 0.1 0.1 0.1 0.1 0.1 0.1 0.1 0.1 0.1 0.100001 0.100004 0.100014 0.100051 0.100173 0.100557 0.101691 0.104833 0.113006 0.132964 0.178683 0.276872 0.474438 0.846522 1.50168 2.57854 4.22749 6.5732 9.66079 13.3988 17.5209 21.5918 25.0699 27.4214 28.2535 27.4214 25.0699 21.5918 17.5209 13.3988 9.66079 6.5732 4.22749 2.57854 1.50168 0.846522 0.474438 0.276872 0.178683 0.132964 0.113006 0.104833 0.101691 0.100557 0.100173 0.100051 0.100014 0.100004 0.100001 0.1 0.1 0.1 0.1 0.1 0.1 0.1 0.1 0.1 0.1 0.1 0.1 0.1 0.1 0.1 0.1
0.1 0.1 0.1 0.1 0.1 0.1 0.1 0.1 0.1 0.1 0.1 0.1 0.1 0.1 0.1 0.1 0.100001 0.100004 0.100017 0.100061 0.100209 0.100672 0.10204 0.105829 0.115688 0.139763 0.19491 0.313348 0.551658 1.00048 1.79075 3.08969 5.07871 7.90817 11.6325 16.1414 21.1136 26.024 30.2194 33.0559 34.0596 33.0559 30.2194 26.024 21.1136 16.1414 11.6325 7.90817 5.07871 3.08969 1.79075 1.00048 0.551658 0.313348 0.19491 0.139763 0.115688 0.105829 0.10204 0.100672 0.100209 0.100061 0.100017 0.100004 0.100001 0.1 0.1 0.1 0.1 0.1 0.1 0.1 0.1 0.1 0.1 0.1 0.1 0.1 0.1 0.1 0.1
0.1 0.1 0.1 0.1 0.1 0.1 0.1 0.1 0.1 0.1 0.1 0.1 0.1 0.1 0.1 0.1 0.100001 0.100005 0.10002 0.100072 0.100248 0.100799 0.102424 0.106927 0.118642 0.147249 0.212778 0.353516 0.636693 1.17001 2.10907 3.65257 6.01606 9.37822 13.8038 19.1615 25.0699 30.9048 35.8901 39.2606 40.4532 39.2606 35.8901 30.9048 25.0699 19.1615 13.8038 9.37822 6.01606 3.65257 2.10907 1.17001 0.636693 0.353516 0.212778 0.147249 0.118642 0.106927 0.102424 0.100799 0.100248 0.100072 0.10002 0.100005 0.100001 0.1 0.1 0.1 0.1 0.1 0.1 0.1 0.1 0.1 0.1 0.1 0.1 0.1 0.1 0.1 0.1
0.1 0.1 0.1 0.1 0.1 0.1 0.1 0.1 0.1 0.1 0.1 0.1 0.1 0.1 0.1 0.1 0.100001 0.100006 0.100023 0.100085 0.10029 0.100935 0.102838 0.108109 0.121822 0.155308 0.232016 0.396761 0.728242 1.35254 2.45177 4.25857 7.02522 10.9609 16.1414 22.413 29.3293 36.1595 41.9952 45.9406 47.3367 45.9406 41.9952 36.1595 29.3293 22.413 16.1414 10.9609 7.02522 4.25857 2.45177 1.35254 0.728242 0.396761 0.232016 0.155308 0.121822 0.108109 0.102838 0.100935 0.10029 0.100085 0.100023 0.100006 0.100001 0.1 0.1 0.1 0.1 0.1 0.1 0.1 0.1 0.1 0.1 0.1 0.1 0.1 0.1 0.1 0.1
0.1 0.1 0.1 0.1 0.1 0.1 0.1 0.1 0.1 0.1 0.1 0.1 0.1 0.1 0.1 0.1 0.100002 0.100007 0.100027 0.100098 0.100335 0.101078 0.103272 0.10935 0.125164 0.163779 0.252235 0.44221 0.824459 1.54437 2.81196 4.89546 8.08584 12.6243 18.5981 25.8303 33.8058 41.6821 48.4115 52.9612 54.5711 52.9612 48.4115 41.6821 33.8058 25.8303 18.5981 12.6243 8.08584 4.89546 2.81196 1.54437 0.824459 0.44221 0.252235 0.163779 0.125164 0.10935 0.103272 0.101078 0.100335 0.100098 0.100027 0.100007 0.100002 0.1 0.1 0.1 0.1 0.1 0.1 0.1 0.1 0.1 0.1 0.1 0.1 0.1 0.1 0.1 0.1
0.1 0.1 0.1 0.1 0.1 0.1 0.1 0.1 0.1 0.1 0.1 0.1 0.1 0.1 0.1 0.1 0.100002 0.100008 0.100031 0.100111 0.10038 0.101225 0.103717 0.110622 0.128586 0.172452 0.272937 0.488746 0.922975 1.74078 3.18074 5.54757 9.1718 14.3274 21.1136 29.3293 38.3893 47.3367 54.9812 60.1496 61.9783 60.1496 54.9812 47.3367 38.3893 29.3293 21.1136 14.3274 9.1718 5.54757 3.18074 1.74078 0.922975 0.488746 0.272937 0.172452 0.128586 0.110622 0.103717 0.101225 0.10038 0.100111 0.100031 0.100008 0.100002 0.1 0.1 0.1 0.1 0.1 0.1 0.1 0.1 0.1 0.1 0.1 0.1 0.1 0.1 0.1 0.1
0.1 0.1 0.1 0.1 0.1 0.1 0.1 0.1 0.1 0.1 0.1 0.1 0.1 0.1 0.1 0.1 0.100002 0.100009 0.100034 0.100124 0.100425 0.101371 0.10416 0.111887 0.13199 0.181079 0.293529 0.535035 1.02097 1.93615 3.54757 6.19623 10.252 16.0215 23.6157 32.8097 42.9485 52.9612 61.516 67.2998 69.3463 67.2998 61.516 52.9612 42.9485 32.8097 23.6157 16.0215 10.252 6.19623 3.54757 1.93615 1.02097 0.535035 0.293529 0.181079 0.13199 0.111887 0.10416 0.101371 0.100425 0.100124 0.100034 0.100009 0.100002 0.1 0.1 0.1 0.1 0.1 0.1 0.1 0.1 0.1 0.1 0.1 0.1 0.1 0.1 0.1 0.1
0.1 0.1 0.1 0.1 0.1 0.1 0.1 0.1 0.1 0.1 0.1 0.1 0.1 0.1 0.1 0.100001 0.100002 0.10001 0.100038 0.100137 0.100469 0.101511 0.104586 0.113104 0.135266 0.189383 0.313348 0.579587 1.11529 2.12419 3.90064 6.82055 11.2917 17.652 26.024 36.1595 47.3367 58.3748 67.8057 74.1818 76.4379 74.1818 67.8057 58.3748 47.3367 36.1595 26.024 17.652 11.2917 6.82055 3.90064 2.12419 1.11529 0.579587 0.313348 0.189383 0.135266 0.113104 0.104586 0.101511 0.100469 0.100137 0.100038 0.10001 0.100002 0.100001 0.1 0.1 0.1 0.1 0.1 0.1 0.1 0.1 0.1 0.1 0.1 0.1 0.1 0.1 0.1
0.1 0.1 0.1 0.1 0.1 0.1 0.1 0.1 0.1 0.1 0.1 0.1 0.1 0.1 0.1 0.100001 0.100003 0.100011 0.100041 0.100149 0.100509 0.101641 0.10498 0.114231 0.138299 0.197069 0.331696 0.620831 1.2026 2.29827 4.22749 7.39851 12.2541 19.1615 28.2535 39.2606 51.3989 63.3864 73.6283 80.5528 83.0029 80.5528 73.6283 63.3864 51.3989 39.2606 28.2535 19.1615 12.2541 7.39851 4.22749 2.29827 1.2026 0.620831 0.331696 0.197069 0.138299 0.114231 0.10498 0.101641 0.100509 0.100149 0.100041 0.100011 0.100003 0.100001 0.1 0.1 0.1 0.1 0.1 0.1 0.1 0.1 0.1 0.1 0.1 0.1 0.1 0.1 0.1
0.1 0.1 0.1 0.1 0.1 0.1 0.1 0.1 0.1 0.1 0.1 0.1 0.1 0.1 0.1 0.100001 0.100003 0.100011 0.100044 0.100159 0.100545 0.101756 0.105328 0.115225 0.140973 0.203848 0.347875 0.657201 1.27959 2.45177 4.51572 7.90817 13.1029 20.4926 30.2194 41.9952 54.9812 67.8057 78.7628 86.1708 88.792 86.1708 78.7628 67.8057 54.9812 41.9952 30.2194 20.4926 13.1029 7.90817 4.51572 2.45177 1.27959 0.657201 0.347875 0.203848 0.140973 0.115225 0.105328 0.101756 0.100545 0.100159 0.100044 0.100011 0.100003 0.100001 0.1 0.1 0.1 0.1 0.1 0.1 0.1 0.1 0.1 0.1 0.1 0.1 0.1 0.1 0.1
0.1 0.1 0.1 0.1 0.1 0.1 0.1 0.1 0.1 0.1 0.1 0.1 0.1 0.1 0.1 0.100001 0.100003 0.100012 0.100046 0.100168 0.100574 0.10185 0.105615 0.116045 0.143182 0.209445 0.361236 0.687235 1.34318 2.57854 4.75374 8.32905 13.8038 21.5918 31.8429 44.2534 57.9394 71.4552 83.0029 90.8102 93.5728 90.8102 83.0029 71.4552 57.9394 44.2534 31.8429 21.5918 13.8038 8.32905 4.75374 2.57854 1.34318 0.687235 0.361236 0.209445 0.143182 0.116045 0.105615 0.10185 0.100574 0.100168 0.100046 0.100012 0.100003 0.100001 0.1 0.1 0.1 0.1 0.1 0.1 0.1 0.1 0.1 0.1 0.1 0.1 0.1 0.1 0.1
0.1 0.1 0.1 0.1 0.1 0.1 0.1 0.1 0.1 0.1 0.1 0.1 0.1 0.1 0.1 0.100001 0.100003 0.100012 0.100048 0.100174 0.100596 0.101921 0.105829 0.116659 0.144832 0.213627 0.371219 0.709675 1.39068 2.67325 4.93156 8.6435 14.3274 22.413 33.0559 45.9406 60.1496 74.1818 86.1708 94.2765 97.1446 94.2765 86.1708 74.1818 60.1496 45.9406 33.0559 22.413 14.3274 8.6435 4.93156 2.67325 1.39068 0.709675 0.371219 0.213627 0.144832 0.116659 0.105829 0.101921 0.100596 0.100174 0.100048 0.100012 0.100003 0.100001 0.1 0.1 0.1 0.1 0.1 0.1 0.1 0.1 0.1 0.1 0.1 0.1 0.1 0.1 0.1
0.1 0.1 0.1 0.1 0.1 0.1 0.1 0.1 0.1 0.1 0.1 0.1 0.1 0.1 0.1 0.100001 0.100003 0.100013 0.100049 0.100178 0.10061 0.101965 0.105962 0.117038 0.145852 0.216213 0.37739 0.723548 1.42005 2.73181 5.04151 8.8379 14.6512 22.9207 33.8058 46.9837 61.516 75.8676 88.1293 96.4194 99.3528 96.4194 88.1293 75.8676 61.516 46.9837 33.8058 22.9207 14.6512 8.8379 5.04151 2.73181 1.42005 0.723548 0.37739 0.216213 0.145852 0.117038 0.105962 0.101965 0.10061 0.100178 0.100049 0.100013 0.100003 0.100001 0.1 0.1 0.1 0.1 0.1 0.1 0.1 0.1 0.1 0.1 0.1 0.1 0.1 0.1 0.1
0.1 0.1 0.1 0.1 0.1 0.1 0.1 0.1 0.1 0.1 0.1 0.1 0.1 0.1 0.1 0.100001 0.100003 0.100013 0.100049 0.10018 0.100614 0.10198 0.106007 0.117166 0.146197 0.217088 0.379479 0.728242 1.42999 2.75162 5.07871 8.90368 14.7607 23.0925 34.0596 47.3367 61.9783 76.4379 88.792 97.1446 100.1 97.1446 88.792 76.4379 61.9783 47.3367 34.0596 23.0925 14.7607 8.90368 5.07871 2.75162 1.42999 0.728242 0.379479 0.217088 0.146197 0.117166 0.106007 0.10198 0.100614 0.10018 0.100049 0.100013 0.100003 0.100001 0.1 0.1 0.1 0.1 0.1 0.1 0.1 0.1 0.1 0.1 0.1 0.1 0.1 0.1 0.1
0.1 0.1 0.1 0.1 0.1 0.1 0.1 0.1 0.1 0.1 0.1 0.1 0.1 0.1 0.1 0.100001 0.100003 0.100013 0.100049 0.100178 0.10061 0.101965 0.105962 0.117038 0.145852 0.216213 0.37739 0.723548 1.42005 2.73181 5.04151 8.8379 14.6512 22.9207 33.8058 46.9837 61.516 75.8676 88.1293 96.4194 99.3528 96.4194 88.1293 75.8676 61.516 46.9837 33.8058 22.9207 14.6512 8.8379 5.04151 2.73181 1.42005 0.723548 0.37739 0.216213 0.145852 0.117038 0.105962 0.101965 0.10061 0.100178 0.100049 0.100013 0.100003 0.100001 0.1 0.1 0.1 0.1 0.1 0.1 0.1 0.1 0.1 0.1 0.1 0.1 0.1 0.1 0.1
0.1 0.1 0.1 0.1 0.1 0.1 0.1 0.1 0.1 0.1 0.1 0.1 0.1 0.1 0.1 0.100001 0.100003 0.100012 0.100048 0.100174 0.100596 0.101921 0.105829 0.116659 0.144832 0.213627 0.371219 0.709675 1.39068 2.67325 4.93156 8.6435 14.3274 22.413 33.0559 45.9406 60.1496 74.1818 86.1708 94.2765 97.1446 94.2765 86.1708 74.1818 60.1496 45.9406 33.0559 22.413 14.3274 8.6435 4.93156 2.67325 1.39068 0.709675 0.371219 0.213627 0.144832 0.116659 0.105829 0.101921 0.100596 0.100174 0.100048 0.100012 0.100003 0.100001 0.1 0.1 0.1 0.1 0.1 0.1 0.1 0.1 0.1 0.1 0.1 0.1 0.1 0.1 0.1
0.1 0.1 0.1 0.1 0.1 0.1 0.1 0.1 0.1 0.1 0.1 0.1 0.1 0.1 0.1 0.100001 0.100003 0.100012 0.100046 0.100168 0.100574 0.10185 0.105615 0.116045 0.143182 0.209445 0.361236 0.687235 1.34318 2.57854 4.75374 8.32905 13.8038 21.5918 31.8429 44.2534 57.9394 71.4552 83.0029 90.8102 93.5728 90.8102 83.0029 71.4552 57.9394 44.2534 31.8429 21.5918 13.8038 8.32905 4.75374 2.57854 1.34318 0.687235 0.361236 0.209445 0.143182 0.116045 0.105615 0.10185 0.100574 0.100168 0.100046 0.100012 0.100003 0.100001 0.1 0.1 0.1 0.1 0.1 0.1 0.1 0.1 0.1 0.1 0.1 0.1 0.1 0.1 0.1
0.1 0.1 0.1 0.1 0.1 0.1 0.1 0.1 0.1 0.1 0.1 0.1 0.1 0.1 0.1 0.100001 0.100003 0.100011 0.100044 0.100159 0.100545 0.101756 0.105328 0.115225 0.140973 0.203848 0.347875 0.657201 1.27959 2.45177 4.51572 7.90817 13.1029 20.4926 30.2194 41.9952 54.9812 67.8057 78.7628 86.1708 88.792 86.1708 78.7628 67.8057 54.9812 41.9952 30.2194 20.4926 13.1029 7.90817 4.51572 2.45177 1.27959 0.657201 0.347875 0.203848 0.140973 0.115225 0.105328 0.101756 0.100545 0.100159 0.100044 0.100011 0.100003 0.100001 0.1 0.1 0.1 0.1 0.1 0.1 0.1 0.1 0.1 0.1 0.1 0.1 0.1 0.1 0.1
0.1 0.1 0.1 0.1 0.1 0.1 0.1 0.1 0.1 0.1 0.1 0.1 0.1 0.1 0.1 0.100001 0.100003 0.100011 0.100041 0.100149 0.100509 0.101641 0.10498 0.114231 0.138299 0.197069 0.331696 0.620831 1.2026 2.29827 4.22749 7.39851 12.2541 19.1615 28.2535 39.2606 51.3989 63.3864 73.6283 80.5528 83.0029 80.5528 73.6283 63.3864 51.3989 39.2606 28.2535 19.1615 12.2541 7.39851 4.22749 2.29827 1.2026 0.620831 0.331696 0.197069 0.138299 0.114231 0.10498 0.101641 0.100509 0.100149 0.100041 0.100011 0.100003 0.100001 0.1 0.1 0.1 0.1 0.1 0.1 0.1 0.1 0.1 0.1 0.1 0.1 0.1 0.1 0.1
0.1 0.1 0.1 0.1 0.1 0.1 0.1 0.1 0.1 0.1 0.1 0.1 0.1 0.1 0.1 0.100001 0.100002 0.10001 0.100038 0.100137 0.100469 0.101511 0.104586 0.113104 0.135266 0.189383 0.313348 0.579587 1.11529 2.12419 3.90064 6.82055 11.2917 17.652 26.024 36.1595 47.3367 58.3748 67.8057 74.1818 76.4379 74.1818 67.8057 58.3748 47.3367 36.1595 26.024 17.652 11.2917 6.82055 3.90064 2.12419 1.11529 0.579587 0.313348 0.189383 0.135266 0.113104 0.104586 0.101511 0.100469 0.100137 0.100038 0.10001 0.100002 0.100001 0.1 0.1 0.1 0.1 0.1 0.1 0.1 0.1 0.1 0.1 0.1 0.1 0.1 0.1 0.1
0.1 0.1 0.1 0.1 0.1 0.1 0.1 0.1 0.1 0.1 0.1 0.1 0.1 0.1 0.1 0.1 0.100002 0.100009 0.100034 0.100124 0.100425 0.101371 0.10416 0.111887 0.13199 0.181079 0.293529 0.535035 1.02097 1.93615 3.54757 6.19623 10.252 16.0215 23.6157 32.8097 42.9485 52.9612 61.516 67.2998 69.3463 67.2998 61.516 52.9612 42.9485 32.8097 23.6157 16.0215 10.252 6.19623 3.54757 1.93615 1.02097 0.535035 0.293529 0.181079 0.13199 0.111887 0.10416 0.101371 0.100425 0.100124 0.100034 0.100009 0.100002 0.1 0.1 0.1 0.1 0.1 0.1 0.1 0.1 0.1 0.1 0.1 0.1 0.1 0.1 0.1 0.1
0.1 0.1 0.1 0.1 0.1 0.1 0.1 0.1 0.1 0.1 0.1 0.1 0.1 0.1 0.1 0.1 0.100002 0.100008 0.100031 0.100111 0.10038 0.101225 0.103717 0.110622 0.128586 0.172452 0.272937 0.488746 0.922975 1.74078 3.18074 5.54757 9.1718 14.3274 21.1136 29.3293 38.3893 47.3367 54.9812 60.1496 61.9783 60.1496 54.9812 47.3367 38.3893 29.3293 21.1136 14.3274 9.1718 5.54757 3.18074 1.74078 0.922975 0.488746 0.272937 0.172452 0.128586 0.110622 0.103717 0.101225 0.10038 0.100111 0.100031 0.100008 0.100002 0.1 0.1 0.1 0.1 0.1 0.1 0.1 0.1 0.1 0.1 0.1 0.1 0.1 0.1 0.1 0.1
0.1 0.1 0.1 0.1 0.1 0.1 0.1 0.1 0.1 0.1 0.1 0.1 0.1 0.1 0.1 0.1 0.100002 0.100007 0.100027 0.100098 0.100335 0.101078 0.103272 0.10935 0.125164 0.163779 0.252235 0.44221 0.824459 1.54437 2.81196 4.89546 8.08584 12.6243 18.5981 25.8303 33.8058 41.6821 48.4115 52.9612 54.5711 52.9612 48.4115 41.6821 33.8058 25.8303 18.5981 12.6243 8.08584 4.89546 2.81196 1.54437 0.824459 0.44221 0.252235 0.163779 0.125164 0.10935 0.103272 0.101078 0.100335 0.100098 0.100027 0.100007 0.100002 0.1 0.1 0.1 0.1 0.1 0.1 0.1 0.1 0.1 0.1 0.1 0.1 0.1 0.1 0.1 0.1
0.1 0.1 0.1 0.1 0.1 0.1 0.1 0.1 0.1 0.1 0.1 0.1 0.1 0.1 0.1 0.1 0.100001 0.100006 0.100023 0.100085 0.10029 0.100935 0.102838 0.108109 0.121822 0.155308 0.232016 0.396761 0.728242 1.35254 2.45177 4.25857 7.02522 10.9609 16.1414 22.413 29.3293 36.1595 41.9952 45.9406 47.3367 45.9406 41.9952 36.1595 29.3293 22.413 16.1414 10.9609 7.02522 4.25857 2.45177 1.35254 0.728242 0.396761 0.232016 0.155308 0.121822 0.108109 0.102838 0.100935 0.10029 0.100085 0.100023 0.100006 0.100001 0.1 0.1 0.1 0.1 0.1 0.1 0.1 0.1 0.1 0.1 0.1 0.1 0.1 0.1 0.1 0.1
0.1 0.1 0.1 0.1 0.1 0.1 0.1 0.1 0.1 0.1 0.1 0.1 0.1 0.1 0.1 0.1 0.100001 0.100005 0.10002 0.100072 0.100248 0.100799 0.102424 0.106927 0.118642 0.147249 0.212778 0.353516 0.636693 1.17001 2.10907 3.65257 6.01606 9.37822 13.8038 19.1615 25.0699 30.9048 35.8901 39.2606 40.4532 39.2606 35.8901 30.9048 25.0699 19.1615 13.8038 9.37822 6.01606 3.65257 2.10907 1.17001 0.636693 0.353516 0.212778 0.147249 0.118642 0.106927 0.102424 0.100799 0.100248 0.100072 0.10002 0.100005 0.100001 0.1 0.1 0.1 0.1 0.1 0.1 0.1 0.1 0.1 0.1 0.1 0.1 0.1 0.1 0.1 0.1
0.1 0.1 0.1 0.1 0.1 0.1 0.1 0.1 0.1 0.1 0.1 0.1 0.1 0.1 0.1 0.1 0.100001 0.100004 0.100017 0.100061 0.100209 0.100672 0.10204 0.105829 0.115688 0.139763 0.19491 0.313348 0.551658 1.00048 1.79075 3.08969 5.07871 7.90817 11.6325 16.1414 21.1136 26.024 30.2194 33.0559 34.0596 33.0559 30.2194 26.024 21.1136 16.1414 11.6325 7.90817 5.07871 3.08969 1.79075 1.00048 0.551658 0.313348 0.19491 0.139763 0.115688 0.105829 0.10204 0.100672 0.100209 0.100061 0.100017 0.100004 0.100001 0.1 0.1 0.1 0.1 0.1 0.1 0.1 0.1 0.1 0.1 0.1 0.1 0.1 0.1 0.1 0.1
0.1 0.1 0.1 0.1 0.1 0.1 0.1 0.1 0.1 0.1 0.1 0.1 0.1 0.1 0.1 0.1 0.100001 0.100004 0.100014 0.100051 0.100173 0.100557 0.101691 0.104833 0.113006 0.132964 0.178683 0.276872 0.474438 0.846522 1.50168 2.57854 4.22749 6.5732 9.66079 13.3988 17.5209 21.5918 25.0699 27.4214 28.2535 27.4214 25.0699 21.5918 17.5209 13.3988 9.66079 6.5732 4.22749 2.57854 1.50168 0.846522 0.474438 0.276872 0.178683 0.132964 0.113006 0.104833 0.101691 0.100557 0.100173 0.100051 0.100014 0.100004 0.100001 0.1 0.1 0.1 0.1 0.1 0.1 0.1 0.1 0.1 0.1 0.1 0.1 0.1 0.1 0.1 0.1
0.1 0.1 0.1 0.1 0.1 0.1 0.1 0.1 0.1 0.1 0.1 0.1 0.1 0.1 0.1 0.1 0.100001 0.100003 0.100011 0.100041 0.100141 0.100455 0.101381 0.103947 0.110622 0.126922 0.164259 0.244449 0.405798 0.709675 1.24473 2.12419 3.47087 5.38657 7.90817 10.9609 14.3274 17.652 20.4926 22.413 23.0925 22.413 20.4926 17.652 14.3274 10.9609 7.90817 5.38657 3.47087 2.12419 1.24473 0.709675 0.405798 0.244449 0.164259 0.126922 0.110622 0.103947 0.101381 0.100455 0.100141 0.100041 0.100011 0.100003 0.100001 0.1 0.1 0.1 0.1 0.1 0.1 0.1 0.1 0.1 0.1 0.1 0.1 0.1 0.1 0.1 0.1
0.1 0.1 0.1 0.1 0.1 0.1 0.1 0.1 0.1 0.1 0.1 0.1 0.1 0.1 0.1 0.1 0.100001 0.100002 0.100009 0.100033 0.100114 0.100366 0.101111 0.103175 0.108546 0.121659 0.151698 0.216213 0.346023 0.5905 1.02097 1.72852 2.81196 4.35319 6.38189 8.8379 11.5463 14.2211 16.5064 18.0514 18.5981 18.0514 16.5064 14.2211 11.5463 8.8379 6.38189 4.35319 2.81196 1.72852 1.02097 0.5905 0.346023 0.216213 0.151698 0.121659 0.108546 0.103175 0.101111 0.100366 0.100114 0.100033 0.100009 0.100002 0.100001 0.1 0.1 0.1 0.1 0.1 0.1 0.1 0.1 0.1 0.1 0.1 0.1 0.1 0.1 0.1 0.1
0.1 0.1 0.1 0.1 0.1 0.1 0.1 0.1 0.1 0.1 0.1 0.1 0.1 0.1 0.1 0.1 0.1 0.100002 0.100007 0.100026 0.10009 0.10029 0.100881 0.102517 0.106773 0.117166 0.140973 0.192105 0.294986 0.488746 0.829913 1.39068 2.24936 3.47087 5.07871 7.02522 9.1718 11.2917 13.1029 14.3274 14.7607 14.3274 13.1029 11.2917 9.1718 7.02522 5.07871 3.47087 2.24936 1.39068 0.829913 0.488746 0.294986 0.192105 0.140973 0.117166 0.106773 0.102517 0.100881 0.10029 0.10009 0.100026 0.100007 0.100002 0.1 0.1 0.1 0.1 0.1 0.1 0.1 0.1 0.1 0.1 0.1 0.1 0.1 0.1 0.1 0.1 0.1
0.1 0.1 0.1 0.1 0.1 0.1 0.1 0.1 0.1 0.1 0.1 0.1 0.1 0.1 0.1 0.1 0.1 0.100001 0.100006 0.100021 0.10007 0.100227 0.100688 0.101965 0.105288 0.113402 0.13199 0.171911 0.252235 0.403513 0.66988 1.1077 1.77811 2.73181 3.98713 5.50687 7.18281 8.8379 10.252 11.2081 11.5463 11.2081 10.252 8.8379 7.18281 5.50687 3.98713 2.73181 1.77811 1.1077 0.66988 0.403513 0.252235 0.171911 0.13199 0.113402 0.105288 0.101965 0.100688 0.100227 0.10007 0.100021 0.100006 0.100001 0.1 0.1 0.1 0.1 0.1 0.1 0.1 0.1 0.1 0.1 0.1 0.1 0.1 0.1 0.1 0.1 0.1
0.1 0.1 0.1 0.1 0.1 0.1 0.1 0.1 0.1 0.1 0.1 0.1 0.1 0.1 0.1 0.1 0.1 0.100001 0.100004 0.100016 0.100054 0.100174 0.100529 0.101511 0.104067 0.110308 0.124604 0.155308 0.217088 0.33344 0.53831 0.875048 1.39068 2.12419 3.08969 4.25857 5.54757 6.82055 7.90817 8.6435 8.90368 8.6435 7.90817 6.82055 5.54757 4.25857 3.08969 2.12419 1.39068 0.875048 0.53831 0.33344 0.217088 0.155308 0.124604 0.110308 0.104067 0.101511 0.100529 0.100174 0.100054 0.100016 0.100004 0.100001 0.1 0.1 0.1 0.1 0.1 0.1 0.1 0.1 0.1 0.1 0.1 0.1 0.1 0.1 0.1 0.1 0.1
0.1 0.1 0.1 0.1 0.1 0.1 0.1 0.1 0.1 0.1 0.1 0.1 0.1 0.1 0.1 0.1 0.1 0.100001 0.100003 0.100012 0.100041 0.100132 0.100401 0.101145 0.103082 0.10781 0.118642 0.141906 0.188715 0.276872 0.432096 0.687235 1.07792 1.63368 2.36522 3.25084 4.22749 5.192 6.01606 6.5732 6.77034 6.5732 6.01606 5.192 4.22749 3.25084 2.36522 1.63368 1.07792 0.687235 0.432096 0.276872 0.188715 0.141906 0.118642 0.10781 0.103082 0.101145 0.100401 0.100132 0.100041 0.100012 0.100003 0.100001 0.1 0.1 0.1 0.1 0.1 0.1 0.1 0.1 0.1 0.1 0.1 0.1 0.1 0.1 0.1 0.1 0.1
0.1 0.1 0.1 0.1 0.1 0.1 0.1 0.1 0.1 0.1 0.1 0.1 0.1 0.1 0.1 0.1 0.1 0.100001 0.100002 0.100009 0.100031 0.100099 0.100299 0.100855 0.1023 0.105829 0.113914 0.131278 0.166216 0.232016 0.347875 0.53831 0.829913 1.24473 1.79075 2.45177 3.18074 3.90064 4.51572 4.93156 5.07871 4.93156 4.51572 3.90064 3.18074 2.45177 1.79075 1.24473 0.829913 0.53831 0.347875 0.232016 0.166216 0.131278 0.113914 0.105829 0.1023 0.100855 0.100299 0.100099 0.100031 0.100009 0.100002 0.100001 0.1 0.1 0.1 0.1 0.1 0.1 0.1 0.1 0.1 0.1 0.1 0.1 0.1 0.1 0.1 0.1 0.1
0.1 0.1 0.1 0.1 0.1 0.1 0.1 0.1 0.1 0.1 0.1 0.1 0.1 0.1 0.1 0.1 0.1 0.1 0.100002 0.100007 0.100022 0.100072 0.10022 0.100628 0.101691 0.104286 0.110231 0.122998 0.148688 0.197069 0.282258 0.422282 0.636693 0.941702 1.34318 1.82922 2.36522 2.89455 3.3468 3.65257 3.76076 3.65257 3.3468 2.89455 2.36522 1.82922 1.34318 0.941702 0.636693 0.422282 0.282258 0.197069 0.148688 0.122998 0.110231 0.104286 0.101691 0.100628 0.10022 0.100072 0.100022 0.100007 0.100002 0.1 0.1 0.1 0.1 0.1 0.1 0.1 0.1 0.1 0.1 0.1 0.1 0.1 0.1 0.1 0.1 0.1 0.1
0.1 0.1 0.1 0.1 0.1 0.1 0.1 0.1 0.1 0.1 0.1 0.1 0.1 0.1 0.1 0.1 0.1 0.1 0.100001 0.100005 0.100016 0.100052 0.100159 0.100455 0.101225 0.103105 0.107411 0.116659 0.135266 0.170311 0.232016 0.33344 0.488746 0.709675 1.00048 1.35254 1.74078 2.12419 2.45177 2.67325 2.75162 2.67325 2.45177 2.12419 1.74078 1.35254 1.00048 0.709675 0.488746 0.33344 0.232016 0.170311 0.135266 0.116659 0.107411 0.103105 0.101225 0.100455 0.100159 0.100052 0.100016 0.100005 0.100001 0.1 0.1 0.1 0.1 0.1 0.1 0.1 0.1 0.1 0.1 0.1 0.1 0.1 0.1 0.1 0.1 0.1 0.1
0.1 0.1 0.1 0.1 0.1 0.1 0.1 0.1 0.1 0.1 0.1 0.1 0.1 0.1 0.1 0.1 0.1 0.1 0.100001 0.100003 0.100012 0.100037 0.100114 0.100325 0.100874 0.102215 0.105288 0.111887 0.125164 0.15017 0.1942 0.266572 0.37739 0.535035 0.742538 0.993749 1.27078 1.54437 1.77811 1.93615 1.99207 1.93615 1.77811 1.54437 1.27078 0.993749 0.742538 0.535035 0.37739 0.266572 0.1942 0.15017 0.125164 0.111887 0.105288 0.102215 0.100874 0.100325 0.100114 0.100037 0.100012 0.100003 0.100001 0.1 0.1 0.1 0.1 0.1 0.1 0.1 0.1 0.1 0.1 0.1 0.1 0.1 0.1 0.1 0.1 0.1 0.1
0.1 0.1 0.1 0.1 0.1 0.1 0.1 0.1 0.1 0.1 0.1 0.1 0.1 0.1 0.1 0.1 0.1 0.1 0.100001 0.100002 0.100008 0.100026 0.10008 0.100228 0.100614 0.101557 0.103717 0.108356 0.117689 0.135266 0.166216 0.217088 0.294986 0.405798 0.551658 0.728242 0.922975 1.11529 1.27959 1.39068 1.42999 1.39068 1.27959 1.11529 0.922975 0.728242 0.551658 0.405798 0.294986 0.217088 0.166216 0.135266 0.117689 0.108356 0.103717 0.101557 0.100614 0.100228 0.10008 0.100026 0.100008 0.100002 0.100001 0.1 0.1 0.1 0.1 0.1 0.1 0.1 0.1 0.1 0.1 0.1 0.1 0.1 0.1 0.1 0.1 0.1 0.1
0.1 0.1 0.1 0.1 0.1 0.1 0.1 0.1 0.1 0.1 0.1 0.1 0.1 0.1 0.1 0.1 0.1 0.1 0.1 0.100002 0.100006 0.100018 0.100055 0.100158 0.100425 0.101078 0.102574 0.105786 0.112249 0.124421 0.145852 0.181079 0.23502 0.311754 0.412757 0.535035 0.66988 0.803048 0.916825 0.993749 1.02097 0.993749 0.916825 0.803048 0.66988 0.535035 0.412757 0.311754 0.23502 0.181079 0.145852 0.124421 0.112249 0.105786 0.102574 0.101078 0.100425 0.100158 0.100055 0.100018 0.100006 0.100002 0.1 0.1 0.1 0.1 0.1 0.1 0.1 0.1 0.1 0.1 0.1 0.1 0.1 0.1 0.1 0.1 0.1 0.1 0.1
0.1 0.1 0.1 0.1 0.1 0.1 0.1 0.1 0.1 0.1 0.1 0.1 0.1 0.1 0.1 0.1 0.1 0.1 0.1 0.100001 0.100004 0.100012 0.100038 0.100108 0.10029 0.100736 0.101756 0.103947 0.108356 0.116659 0.131278 0.155308 0.192105 0.244449 0.313348 0.396761 0.488746 0.579587 0.657201 0.709675 0.728242 0.709675 0.657201 0.579587 0.488746 0.396761 0.313348 0.244449 0.192105 0.155308 0.131278 0.116659 0.108356 0.103947 0.101756 0.100736 0.10029 0.100108 0.100038 0.100012 0.100004 0.100001 0.1 0.1 0.1 0.1 0.1 0.1 0.1 0.1 0.1 0.1 0.1 0.1 0.1 0.1 0.1 0.1 0.1 0.1 0.1
0.1 0.1 0.1 0.1 0.1 0.1 0.1 0.1 0.1 0.1 0.1 0.1 0.1 0.1 0.1 0.1 0.1 0.1 0.1 0.100001 0.100003 0.100008 0.100025 0.100072 0.100195 0.100494 0.10118 0.102652 0.105615 0.111195 0.121019 0.137167 0.161894 0.197069 0.24337 0.299422 0.361236 0.422282 0.474438 0.5097 0.522177 0.5097 0.474438 0.422282 0.361236 0.299422 0.24337 0.197069 0.161894 0.137167 0.121019 0.111195 0.105615 0.102652 0.10118 0.100494 0.100195 0.100072 0.100025 0.100008 0.100003 0.100001 0.1 0.1 0.1 0.1 0.1 0.1 0.1 0.1 0.1 0.1 0.1 0.1 0.1 0.1 0.1 0.1 0.1 0.1 0.1
0.1 0.1 0.1 0.1 0.1 0.1 0.1 0.1 0.1 0.1 0.1 0.1 0.1 0.1 0.1 0.1 0.1 0.1 0.1 0.100001 0.100002 0.100006 0.100017 0.100048 0.100129 0.100327 0.100781 0.101756 0.103717 0.107411 0.113914 0.124604 0.140973 0.164259 0.19491 0.232016 0.272937 0.313348 0.347875 0.371219 0.379479 0.371219 0.347875 0.313348 0.272937 0.232016 0.19491 0.164259 0.140973 0.124604 0.113914 0.107411 0.103717 0.101756 0.100781 0.100327 0.100129 0.100048 0.100017 0.100006 0.100002 0.100001 0.1 0.1 0.1 0.1 0.1 0.1 0.1 0.1 0.1 0.1 0.1 0.1 0.1 0.1 0.1 0.1 0.1 0.1 0.1
0.1 0.1 0.1 0.1 0.1 0.1 0.1 0.1 0.1 0.1 0.1 0.1 0.1 0.1 0.1 0.1 0.1 0.1 0.1 0.1 0.100001 0.100004 0.100011 0.100031 0.100084 0.100213 0.100509 0.101145 0.102424 0.104833 0.109074 0.116045 0.12672 0.141906 0.161894 0.186093 0.212778 0.239132 0.261649 0.276872 0.282258 0.276872 0.261649 0.239132 0.212778 0.186093 0.161894 0.141906 0.12672 0.116045 0.109074 0.104833 0.102424 0.101145 0.100509 0.100213 0.100084 0.100031 0.100011 0.100004 0.100001 0.1 0.1 0.1 0.1 0.1 0.1 0.1 0.1 0.1 0.1 0.1 0.1 0.1 0.1 0.1 0.1 0.1 0.1 0.1 0.1
0.1 0.1 0.1 0.1 0.1 0.1 0.1 0.1 0.1 0.1 0.1 0.1 0.1 0.1 0.1 0.1 0.1 0.1 0.1 0.1 0.100001 0.100002 0.100007 0.10002 0.100054 0.100137 0.100327 0.100736 0.101557 0.103105 0.105829 0.110308 0.117166 0.126922 0.139763 0.155308 0.172452 0.189383 0.203848 0.213627 0.217088 0.213627 0.203848 0.189383 0.172452 0.155308 0.139763 0.126922 0.117166 0.110308 0.105829 0.103105 0.101557 0.100736 0.100327 0.100137 0.100054 0.10002 0.100007 0.100002 0.100001 0.1 0.1 0.1 0.1 0.1 0.1 0.1 0.1 0.1 0.1 0.1 0.1 0.1 0.1 0.1 0.1 0.1 0.1 0.1 0.1
0.1 0.1 0.1 0.1 0.1 0.1 0.1 0.1 0.1 0.1 0.1 0.1 0.1 0.1 0.1 0.1 0.1 0.1 0.1 0.1 0.1 0.100001 0.100004 0.100013 0.100034 0.100087 0.100207 0.100466 0.100986 0.101965 0.103689 0.106524 0.110864 0.117038 0.125164 0.135003 0.145852 0.156567 0.165721 0.171911 0.174101 0.171911 0.165721 0.156567 0.145852 0.135003 0.125164 0.117038 0.110864 0.106524 0.103689 0.101965 0.100986 0.100466 0.100207 0.100087 0.100034 0.100013 0.100004 0.100001 0.1 0.1 0.1 0.1 0.1 0.1 0.1 0.1 0.1 0.1 0.1 0.1 0.1 0.1 0.1 0.1 0.1 0.1 0.1 0.1 0.1
0.1 0.1 0.1 0.1 0.1 0.1 0.1 0.1 0.1 0.1 0.1 0.1 0.1 0.1 0.1 0.1 0.1 0.1 0.1 0.1 0.1 0.100001 0.100003 0.100008 0.100021 0.100054 0.100129 0.10029 0.100614 0.101225 0.1023 0.104067 0.106773 0.110622 0.115688 0.121822 0.128586 0.135266 0.140973 0.144832 0.146197 0.144832 0.140973 0.135266 0.128586 0.121822 0.115688 0.110622 0.106773 0.104067 0.1023 0.101225 0.100614 0.10029 0.100129 0.100054 0.100021 0.100008 0.100003 0.100001 0.1 0.1 0.1 0.1 0.1 0.1 0.1 0.1 0.1 0.1 0.1 0.1 0.1 0.1 0.1 0.1 0.1 0.1 0.1 0.1 0.1
0.1 0.1 0.1 0.1 0.1 0.1 0.1 0.1 0.1 0.1 0.1 0.1 0.1 0.1 0.1 0.1 0.1 0.1 0.1 0.1 0.1 0.100001 0.100002 0.100005 0.100013 0.100033 0.100079 0.100178 0.100377 0.100752 0.101413 0.102498 0.10416 0.106524 0.109635 0.113402 0.117557 0.121659 0.125164 0.127534 0.128373 0.127534 0.125164 0.121659 0.117557 0.113402 0.109635 0.106524 0.10416 0.102498 0.101413 0.100752 0.100377 0.100178 0.100079 0.100033 0.100013 0.100005 0.100002 0.100001 0.1 0.1 0.1 0.1 0.1 0.1 0.1 0.1 0.1 0.1 0.1 0.1 0.1 0.1 0.1 0.1 0.1 0.1 0.1 0.1 0.1
0.1 0.1 0.1 0.1 0.1 0.1 0.1 0.1 0.1 0.1 0.1 0.1 0.1 0.1 0.1 0.1 0.1 0.1 0.1 0.1 0.1 0.1 0.100001 0.100003 0.100008 0.10002 0.100048 0.100108 0.100228 0.100455 0.100855 0.101511 0.102517 0.103947 0.105829 0.108109 0.110622 0.113104 0.115225 0.116659 0.117166 0.116659 0.115225 0.113104 0.110622 0.108109 0.105829 0.103947 0.102517 0.101511 0.100855 0.100455 0.100228 0.100108 0.100048 0.10002 0.100008 0.100003 0.100001 0.1 0.1 0.1 0.1 0.1 0.1 0.1 0.1 0.1 0.1 0.1 0.1 0.1 0.1 0.1 0.1 0.1 0.1 0.1 0.1 0.1 0.1
0.1 0.1 0.1 0.1 0.1 0.1 0.1 0.1 0.1 0.1 0.1 0.1 0.1 0.1 0.1 0.1 0.1 0.1 0.1 0.1 0.1 0.1 0.100001 0.100002 0.100005 0.100012 0.100029 0.100064 0.100136 0.100271 0.100509 0.100901 0.1015 0.102352 0.103474 0.104833 0.106331 0.10781 0.109074 0.109929 0.110231 0.109929 0.109074 0.10781 0.106331 0.104833 0.103474 0.102352 0.1015 0.100901 0.100509 0.100271 0.100136 0.100064 0.100029 0.100012 0.100005 0.100002 0.100001 0.1 0.1 0.1 0.1 0.1 0.1 0.1 0.1 0.1 0.1 0.1 0.1 0.1 0.1 0.1 0.1 0.1 0.1 0.1 0.1 0.1 0.1
0.1 0.1 0.1 0.1 0.1 0.1 0.1 0.1 0.1 0.1 0.1 0.1 0.1 0.1 0.1 0.1 0.1 0.1 0.1 0.1 0.1 0.1 0.1 0.100001 0.100003 0.100007 0.100017 0.100038 0.10008 0.100159 0.100299 0.100529 0.100881 0.101381 0.10204 0.102838 0.103717 0.104586 0.105328 0.105829 0.106007 0.105829 0.105328 0.104586 0.103717 0.102838 0.10204 0.101381 0.100881 0.100529 0.100299 0.100159 0.10008 0.100038 0.100017 0.100007 0.100003 0.100001 0.1 0.1 0.1 0.1 0.1 0.1 0.1 0.1 0.1 0.1 0.1 0.1 0.1 0.1 0.1 0.1 0.1 0.1 0.1 0.1 0.1 0.1 0.1
0.1 0.1 0.1 0.1 0.1 0.1 0.1 0.1 0.1 0.1 0.1 0.1 0.1 0.1 0.1 0.1 0.1 0.1 0.1 0.1 0.1 0.1 0.1 0.100001 0.100002 0.100004 0.10001 0.100022 0.100046 0.100092 0.100173 0.100306 0.100509 0.100799 0.10118 0.101641 0.10215 0.102652 0.103082 0.103372 0.103474 0.103372 0.103082 0.102652 0.10215 0.101641 0.10118 0.100799 0.100509 0.100306 0.100173 0.100092 0.100046 0.100022 0.10001 0.100004 0.100002 0.100001 0.1 0.1 0.1 0.1 0.1 0.1 0.1 0.1 0.1 0.1 0.1 0.1 0.1 0.1 0.1 0.1 0.1 0.1 0.1 0.1 0.1 0.1 0.1
0.1 0.1 0.1 0.1 0.1 0.1 0.1 0.1 0.1 0.1 0.1 0.1 0.1 0.1 0.1 0.1 0.1 0.1 0.1 0.1 0.1 0.1 0.1 0.1 0.100001 0.100002 0.100006 0.100012 0.100026 0.100052 0.100099 0.100174 0.10029 0.100455 0.100672 0.100935 0.101225 0.101511 0.101756 0.101921 0.10198 0.101921 0.101756 0.101511 0.101225 0.100935 0.100672 0.100455 0.10029 0.100174 0.100099 0.100052 0.100026 0.100012 0.100006 0.100002 0.100001 0.1 0.1 0.1 0.1 0.1 0.1 0.1 0.1 0.1 0.1 0.1 0.1 0.1 0.1 0.1 0.1 0.1 0.1 0.1 0.1 0.1 0.1 0.1 0.1
0.1 0.1 0.1 0.1 0.1 0.1 0.1 0.1 0.1 0.1 0.1 0.1 0.1 0.1 0.1 0.1 0.1 0.1 0.1 0.1 0.1 0.1 0.1 0.1 0.100001 0.100001 0.100003 0.100007 0.100015 0.100029 0.100055 0.100098 0.100163 0.100255 0.100377 0.100525 0.100688 0.100848 0.100986 0.101078 0.101111 0.101078 0.100986 0.100848 0.100688 0.100525 0.100377 0.100255 0.100163 0.100098 0.100055 0.100029 0.100015 0.100007 0.100003 0.100001 0.100001 0.1 0.1 0.1 0.1 0.1 0.1 0.1 0.1 0.1 0.1 0.1 0.1 0.1 0.1 0.1 0.1 0.1 0.1 0.1 0.1 0.1 0.1 0.1 0.1
0.1 0.1 0.1 0.1 0.1 0.1 0.1 0.1 0.1 0.1 0.1 0.1 0.1 0.1 0.1 0.1 0.1 0.1 0.1 0.1 0.1 0.1 0.1 0.1 0.1 0.100001 0.100002 0.100004 0.100008 0.100016 0.100031 0.100054 0.10009 0.100141 0.100209 0.10029 0.10038 0.100469 0.100545 0.100596 0.100614 0.100596 0.100545 0.100469 0.10038 0.10029 0.100209 0.100141 0.10009 0.100054 0.100031 0.100016 0.100008 0.100004 0.100002 0.100001 0.1 0.1 0.1 0.1 0.1 0.1 0.1 0.1 0.1 0.1 0.1 0.1 0.1 0.1 0.1 0.1 0.1 0.1 0.1 0.1 0.1 0.1 0.1 0.1 0.1
